0.0 0.55742 0.55861 0.6256 0.31938 0.44856 0.6256 0.32536 0.31938 
0.55742 0.0 0.48445 0.56579 0.64474 0.32297 0.59569 0.62679 0.48325 
0.55861 0.48445 0.0 0.32895 0.63038 0.29187 0.32177 0.64474 0.47488 
0.6256 0.56579 0.32895 0.0 0.66507 0.48684 0.50239 0.67225 0.54785 
0.31938 0.64474 0.63038 0.66507 0.0 0.57057 0.66866 0.47847 0.49282 
0.44856 0.32297 0.29187 0.48684 0.57057 0.0 0.47847 0.58014 0.311 
0.6256 0.59569 0.32177 0.50239 0.66866 0.47847 0.0 0.67225 0.57297 
0.32536 0.62679 0.64474 0.67225 0.47847 0.58014 0.67225 0.0 0.48086 
0.31938 0.48325 0.47488 0.54785 0.49282 0.311 0.57297 0.48086 0.0 
